1 0.5828125 0.1703125 0.09921875 0.18359375
1 0.3546875 0.36953125 0.11796875 0.2578125
1 0.13515625 0.540625 0.1734375 0.28515625
1 0.05625 0.85234375 0.11171875 0.29453125
1 0.2 0.2140625 0.1 0.17109375
1 0.21171875 0.03984375 0.053125 0.07109375
1 0.20859375 0.10546875 0.08125 0.096875
1 0.06171875 0.16953125 0.1234375 0.1171875
1 0.271875 0.04140625 0.053125 0.0828125
1 0.3234375 0.06875 0.0609375 0.08203125
1 0.33515625 0.02265625 0.04921875 0.04453125
1 0.3734375 0.2140625 0.10859375 0.140625
1 0.3765625 0.11953125 0.078125 0.08828125
1 0.396875 0.0765625 0.05703125 0.08515625
1 0.43671875 0.053125 0.04765625 0.07578125
1 0.403125 0.0234375 0.046875 0.04609375
1 0.95625 0.209375 0.0875 0.17734375
1 0.74453125 0.0484375 0.0578125 0.07578125
1 0.9171875 0.10234375 0.165625 0.2046875
2 0.70234375 0.05 0.04140625 0.1
2 0.1671875 0.059375 0.02578125 0.06015625
2 0.18125 0.05078125 0.015625 0.05