1 0.24140625 0.57265625 0.16796875 0.24921875
1 0.403125 0.22578125 0.09296875 0.1375
1 0.6796875 0.36015625 0.11328125 0.209375
1 0.784375 0.13203125 0.06796875 0.1125
1 0.3078125 0.06953125 0.065625 0.08828125
1 0.234375 0.06171875 0.0546875 0.071875
1 0.54296875 0.053125 0.0484375 0.0703125
1 0.6625 0.02109375 0.0359375 0.0421875
1 0.76171875 0.01953125 0.0265625 0.0390625
1 0.78828125 0.0359375 0.05 0.071875
1 0.54375 0.01953125 0.04375 0.0390625
1 0.01953125 0.25703125 0.0390625 0.12109375
2 0.8703125 0.653125 0.06875 0.26796875