1 0.309375 0.475 0.1828125 0.275
1 0.2125 0.3359375 0.13203125 0.2328125
1 0.115625 0.17265625 0.225 0.1453125
1 0.20703125 0.03984375 0.0578125 0.0796875
1 0.36171875 0.08203125 0.07890625 0.1484375
1 0.4 0.0265625 0.053125 0.053125
1 0.49765625 0.21953125 0.0921875 0.17734375
1 0.915625 0.0546875 0.0765625 0.109375
1 0.82578125 0.040625 0.0609375 0.08125
2 0.59765625 0.575 0.1 0.2484375
2 0.0421875 0.65 0.071875 0.29609375
2 0.36875 0.28046875 0.04609375 0.18984375
2 0.18515625 0.0921875 0.02890625 0.09375
2 0.25390625 0.034375 0.0171875 0.06875
2 0.3296875 0.01796875 0.02890625 0.03515625
2 0.85625 0.11796875 0.0375 0.121875
2 0.74765625 0.10625 0.02890625 0.1046875
2 0.7703125 0.0515625 0.0296875 0.07265625