2 0.528125 0.06640625 0.02578125 0.084375
2 0.56171875 0.19921875 0.0328125 0.11953125
2 0.6796875 0.059375 0.02890625 0.07734375
2 0.83203125 0.0515625 0.028125 0.06875
1 0.68203125 0.65 0.171875 0.2859375
1 0.91171875 0.17734375 0.1765625 0.1234375
1 0.5953125 0.05390625 0.05703125 0.0734375
1 0.6125 0.1203125 0.071875 0.12109375
1 0.603125 0.26875 0.09609375 0.159375
1 0.721875 0.2359375 0.09296875 0.13828125
1 0.7671875 0.021875 0.03359375 0.04296875
1 0.78984375 0.03984375 0.0546875 0.0796875
1 0.159375 0.03984375 0.05390625 0.06796875