1 0.41328125 0.203125 0.0796875 0.13046875
1 0.76171875 0.5671875 0.19453125 0.37265625
1 0.31484375 0.27890625 0.11171875 0.21171875
1 0.1390625 0.221875 0.08046875 0.13671875
1 0.23046875 0.02109375 0.03984375 0.0421875
1 0.209375 0.040625 0.05546875 0.078125
1 0.3765625 0.07890625 0.05859375 0.0828125
1 0.30390625 0.03359375 0.0484375 0.0671875
1 0.51484375 0.01796875 0.0453125 0.0359375
2 0.5734375 0.18515625 0.03203125 0.1140625
2 0.5453125 0.33203125 0.0421875 0.16953125
2 0.16328125 0.05859375 0.04140625 0.07421875
2 0.08203125 0.18125 0.05078125 0.121875
2 0.459375 0.02265625 0.025 0.0453125
1 0.76015625 0.0203125 0.0484375 0.040625
1 0.4171875 0.02265625 0.040625 0.0453125
3 0.26328125 0.54765625 0.11796875 0.27109375