1 0.6734375 0.3078125 0.15078125 0.3625
1 0.3515625 0.17578125 0.13046875 0.259375
1 0.43515625 0.30234375 0.11796875 0.17890625
1 0.45234375 0.103125 0.071875 0.1421875
1 0.534375 0.06875 0.06328125 0.115625
1 0.659375 0.0421875 0.053125 0.084375
1 0.1109375 0.12734375 0.1484375 0.15
1 0.103125 0.31171875 0.10703125 0.16953125
1 0.2390625 0.0890625 0.071875 0.121875
1 0.25703125 0.05390625 0.05 0.08359375
1 0.278125 0.03125 0.05 0.06171875
1 0.34296875 0.02890625 0.0484375 0.0578125
1 0.396875 0.01953125 0.05390625 0.03828125
1 0.21015625 0.0453125 0.0640625 0.08828125
2 0.1734375 0.06328125 0.028125 0.07421875
2 0.38359375 0.7125 0.1125 0.35
2 0.54453125 0.51171875 0.07578125 0.2453125
2 0.3796875 0.38828125 0.09296875 0.18671875
2 0.2859375 0.31015625 0.0734375 0.21875
2 0.89609375 0.04140625 0.040625 0.08046875