1 0.05078125 0.21640625 0.09375 0.1375
1 0.50703125 0.07578125 0.06796875 0.08125
1 0.6390625 0.271875 0.0953125 0.1328125
1 0.70390625 0.41015625 0.12265625 0.1984375
1 0.79375 0.03359375 0.05078125 0.0640625
1 0.8921875 0.12265625 0.1171875 0.09375
1 0.7734375 0.0859375 0.0625 0.0875
1 0.57734375 0.0296875 0.0453125 0.05625
1 0.675 0.1828125 0.0828125 0.1484375
1 0.62265625 0.04140625 0.05546875 0.06171875
1 0.6234375 0.08828125 0.0609375 0.08359375
1 0.7640625 0.021875 0.02734375 0.04296875
2 0.52734375 0.13671875 0.02734375 0.09609375
1 0.14140625 0.01796875 0.04140625 0.03515625
2 0.8015625 0.1484375 0.02890625 0.10703125
2 0.83203125 0.05546875 0.02890625 0.0515625
2 0.528125 0.03125 0.025 0.0625
2 0.69296875 0.0125 0.01328125 0.02421875
2 0.1921875 0.08515625 0.01640625 0.08359375
2 0.3421875 0.01875 0.01640625 0.02890625
2 0.128125 0.06875 0.02734375 0.07890625