2 0.471875 0.06640625 0.02578125 0.084375
2 0.43828125 0.19921875 0.0328125 0.11953125
2 0.3203125 0.059375 0.02890625 0.07734375
2 0.16796875 0.0515625 0.028125 0.06875
1 0.31796875 0.65 0.171875 0.2859375
1 0.08828125 0.17734375 0.1765625 0.1234375
1 0.4046875 0.05390625 0.05703125 0.0734375
1 0.3875 0.1203125 0.071875 0.12109375
1 0.396875 0.26875 0.09609375 0.159375
1 0.278125 0.2359375 0.09296875 0.13828125
1 0.2328125 0.021875 0.03359375 0.04296875
1 0.21015625 0.03984375 0.0546875 0.0796875
1 0.840625 0.03984375 0.05390625 0.06796875