0 0.8921875 0.54765625 0.215625 0.66640625
1 0.80703125 0.3796875 0.0671875 0.21640625
1 0.634375 0.49296875 0.1453125 0.2703125
1 0.3890625 0.21015625 0.0984375 0.246875
1 0.459375 0.0703125 0.0578125 0.096875
1 0.475 0.02890625 0.07109375 0.05703125
1 0.58671875 0.0203125 0.05390625 0.03984375
1 0.54453125 0.1421875 0.084375 0.1140625
1 0.8515625 0.196875 0.15078125 0.15859375
1 0.790625 0.03984375 0.05 0.0796875
1 0.7625 0.01875 0.040625 0.03671875
1 0.159375 0.1921875 0.10234375 0.18046875
1 0.31875 0.053125 0.06875 0.05703125
1 0.30078125 0.0203125 0.06328125 0.03984375
1 0.14375 0.04375 0.040625 0.07890625
0 0.196875 0.06640625 0.121875 0.13203125
2 0.11875 0.02421875 0.03203125 0.04140625
2 0.03984375 0.28046875 0.03828125 0.18671875
2 0.08515625 0.21640625 0.03125 0.1265625
2 0.62734375 0.2296875 0.05234375 0.1515625
2 0.746875 0.7734375 0.1015625 0.33046875
2 0.46640625 0.16015625 0.05234375 0.16015625
2 0.55234375 0.0328125 0.03203125 0.06328125
1 0.0109375 0.24296875 0.021875 0.2265625