1 0.2359375 0.51328125 0.20078125 0.39375
1 0.4671875 0.8265625 0.215625 0.346875
1 0.609375 0.2546875 0.10234375 0.16953125
1 0.63359375 0.14609375 0.071875 0.10625
1 0.80390625 0.20546875 0.13359375 0.1390625
1 0.9265625 0.3828125 0.13515625 0.24375
1 0.4515625 0.0515625 0.05546875 0.103125
1 0.4796875 0.01796875 0.05234375 0.03515625
1 0.6046875 0.03125 0.06484375 0.05859375
1 0.78671875 0.04140625 0.0546875 0.0828125
1 0.7609375 0.01796875 0.0390625 0.03515625
1 0.14609375 0.121875 0.0765625 0.1109375
1 0.2125 0.08515625 0.07578125 0.1171875
1 0.26328125 0.04609375 0.0796875 0.0921875
1 0.3859375 0.02421875 0.046875 0.0484375
1 0.3171875 0.01953125 0.0375 0.0390625
2 0.346875 0.02421875 0.021875 0.0484375
2 0.48125 0.31328125 0.05703125 0.19140625
2 0.3953125 0.41328125 0.075 0.20703125
2 0.5046875 0.10234375 0.0359375 0.096875
2 0.62265625 0.06484375 0.03984375 0.08984375
2 0.83828125 0.2765625 0.0484375 0.17265625
2 0.090625 0.209375 0.03359375 0.125
2 0.115625 0.18828125 0.0359375 0.1203125
0 0.03125 0.15546875 0.0625 0.2421875
2 0.83671875 0.0546875 0.03203125 0.07890625
2 0.8203125 0.04765625 0.0171875 0.05546875