2 0.509375 0.73203125 0.08203125 0.2921875
2 0.42265625 0.01640625 0.01796875 0.0328125
2 0.16796875 0.0578125 0.02734375 0.0609375
2 0.8796875 0.02578125 0.01328125 0.0515625
2 0.86484375 0.13125 0.02265625 0.10234375
1 0.94921875 0.296875 0.1015625 0.1625
1 0.96875 0.18984375 0.0625 0.0703125
1 0.915625 0.10859375 0.0765625 0.075
1 0.80703125 0.0328125 0.0546875 0.065625
1 0.65078125 0.02734375 0.053125 0.05390625
1 0.790625 0.0765625 0.05 0.0828125
1 0.77734375 0.0171875 0.0515625 0.034375
1 0.684375 0.01171875 0.0359375 0.0234375
1 0.80625 0.62578125 0.2015625 0.3078125
1 0.30390625 0.37421875 0.12109375 0.19609375
1 0.271875 0.1078125 0.06640625 0.103125
1 0.23203125 0.0203125 0.0359375 0.040625
1 0.1875 0.24609375 0.0953125 0.18984375
1 0.209375 0.040625 0.05078125 0.08046875
1 0.61328125 0.01171875 0.03671875 0.02265625