2 0.490625 0.73203125 0.08203125 0.2921875
2 0.57734375 0.01640625 0.01796875 0.0328125
2 0.83203125 0.0578125 0.02734375 0.0609375
2 0.1203125 0.02578125 0.01328125 0.0515625
2 0.13515625 0.13125 0.02265625 0.10234375
1 0.05078125 0.296875 0.1015625 0.1625
1 0.03125 0.18984375 0.0625 0.0703125
1 0.084375 0.10859375 0.0765625 0.075
1 0.19296875 0.0328125 0.0546875 0.065625
1 0.34921875 0.02734375 0.053125 0.05390625
1 0.209375 0.0765625 0.05 0.0828125
1 0.22265625 0.0171875 0.0515625 0.034375
1 0.315625 0.01171875 0.0359375 0.0234375
1 0.19375 0.62578125 0.2015625 0.3078125
1 0.69609375 0.37421875 0.12109375 0.19609375
1 0.728125 0.1078125 0.06640625 0.103125
1 0.76796875 0.0203125 0.0359375 0.040625
1 0.8125 0.24609375 0.0953125 0.18984375
1 0.790625 0.040625 0.05078125 0.08046875
1 0.38671875 0.01171875 0.03671875 0.02265625