2 0.5234375 0.36484375 0.05078125 0.18203125
2 0.5875 0.78359375 0.06953125 0.315625
2 0.5546875 0.5921875 0.06953125 0.21171875
2 0.53203125 0.10234375 0.02421875 0.0921875
2 0.47734375 0.0984375 0.03125 0.09453125
2 0.4421875 0.02109375 0.01796875 0.04140625
2 0.275 0.053125 0.0203125 0.0796875
2 0.26328125 0.06796875 0.02421875 0.078125
2 0.14453125 0.29453125 0.034375 0.14140625
2 0.1375 0.20859375 0.03203125 0.11640625
2 0.16484375 0.053125 0.021875 0.0609375
2 0.91171875 0.09140625 0.01875 0.065625
1 0.23125 0.31484375 0.128125 0.1765625
1 0.0625 0.40390625 0.1203125 0.19140625
1 0.1046875 0.690625 0.209375 0.446875
1 0.37421875 0.13671875 0.06484375 0.08984375
1 0.3765625 0.24453125 0.09765625 0.18984375
1 0.21015625 0.03203125 0.05 0.0640625
1 0.621875 0.01640625 0.04375 0.0328125
1 0.68046875 0.01328125 0.0421875 0.02578125
1 0.75546875 0.059375 0.04296875 0.075
1 0.84609375 0.05234375 0.071875 0.0859375
2 0.35 0.1578125 0.02109375 0.08203125