1 0.275 0.4390625 0.178125 0.5109375
1 0.0828125 0.284375 0.1015625 0.19609375
1 0.74375 0.5328125 0.1734375 0.29765625
1 0.82734375 0.36484375 0.1140625 0.20859375
1 0.659375 0.3234375 0.1109375 0.20546875
1 0.6296875 0.19609375 0.0890625 0.17578125
1 0.75 0.121875 0.06953125 0.1453125
1 0.79453125 0.16796875 0.078125 0.1265625
1 0.93671875 0.146875 0.1265625 0.146875
1 0.790625 0.03359375 0.053125 0.0671875
1 0.76484375 0.02421875 0.0421875 0.0484375
1 0.24765625 0.1125 0.084375 0.1140625
2 0.34453125 0.3265625 0.0578125 0.16796875
2 0.92265625 0.1890625 0.06796875 0.134375
2 0.8375 0.05625 0.02890625 0.1
2 0.825 0.0375 0.03125 0.075