2 0.50703125 0.73203125 0.1484375 0.359375
2 0.53046875 0.21796875 0.03828125 0.16640625
2 0.684375 0.178125 0.0359375 0.140625
1 0.39296875 0.16640625 0.08671875 0.20390625
1 0.11796875 0.79140625 0.2265625 0.41640625
1 0.92421875 0.78359375 0.1515625 0.43203125
1 0.69609375 0.3265625 0.14765625 0.2359375
1 0.83515625 0.1578125 0.1640625 0.18984375
1 0.78671875 0.03203125 0.0640625 0.0640625
1 0.58046875 0.021875 0.05 0.04296875
1 0.62734375 0.1484375 0.06796875 0.1140625
1 0.4828125 0.02890625 0.05703125 0.05703125