1 0.33671875 0.4078125 0.16171875 0.2765625
1 0.5453125 0.1921875 0.11015625 0.18671875
1 0.84609375 0.2984375 0.1046875 0.19921875
1 0.95078125 0.496875 0.0984375 0.29609375
1 0.91484375 0.9 0.1703125 0.2
1 0.83125 0.17578125 0.159375 0.16328125
1 0.6859375 0.06953125 0.06484375 0.0953125
1 0.62109375 0.0921875 0.0671875 0.10625
1 0.58828125 0.03984375 0.0609375 0.0796875
2 0.14296875 0.1015625 0.0359375 0.1078125
2 0.34609375 0.02890625 0.0296875 0.05703125
2 0.29609375 0.02421875 0.0171875 0.0484375
2 0.9328125 0.2390625 0.0515625 0.1359375
2 0.51953125 0.0453125 0.03203125 0.08515625
2 0.50625 0.021875 0.02109375 0.04296875
2 0.83515625 0.05625 0.03046875 0.07890625
2 0.82109375 0.0421875 0.028125 0.05390625
1 0.7921875 0.03671875 0.059375 0.0734375