2 0.59140625 0.59609375 0.08125 0.2796875
2 0.6265625 0.3625 0.0515625 0.20078125
2 0.690625 0.33046875 0.04765625 0.18515625
2 0.59453125 0.22421875 0.05390625 0.17109375
2 0.55234375 0.14453125 0.046875 0.134375
2 0.48828125 0.05625 0.0265625 0.06953125
2 0.840625 0.28984375 0.03984375 0.1546875
2 0.83515625 0.06015625 0.03046875 0.06796875
2 0.2609375 0.0484375 0.028125 0.08203125
2 0.31484375 0.04921875 0.04453125 0.0984375
1 0.90703125 0.3890625 0.13515625 0.16953125
1 0.86328125 0.22578125 0.1 0.134375
1 0.95 0.1296875 0.1 0.1171875
1 0.74609375 0.07421875 0.06015625 0.1140625
1 0.67109375 0.05625 0.0609375 0.1125
1 0.70078125 0.0140625 0.03984375 0.028125
1 0.76015625 0.021875 0.0453125 0.04375
1 0.790625 0.04296875 0.065625 0.0859375
1 0.54609375 0.0515625 0.0546875 0.103125
1 0.56015625 0.015625 0.0625 0.03046875
1 0.35 0.03515625 0.059375 0.0703125
1 0.2046875 0.03125 0.059375 0.0625