1 0.53828125 0.32109375 0.14375 0.19453125
1 0.6765625 0.4921875 0.15546875 0.246875
1 0.709375 0.8484375 0.253125 0.30234375
1 0.90625 0.73828125 0.1875 0.46171875
1 0.9734375 0.52890625 0.053125 0.1765625
1 0.78046875 0.35703125 0.1265625 0.20234375
1 0.85390625 0.2140625 0.128125 0.146875
1 0.740625 0.24296875 0.0875 0.153125
1 0.63046875 0.23046875 0.10234375 0.153125
1 0.61171875 0.078125 0.06953125 0.09375
1 0.7234375 0.13671875 0.06015625 0.109375
1 0.703125 0.06484375 0.06953125 0.0984375
1 0.12734375 0.1453125 0.1 0.1203125
1 0.09296875 0.04765625 0.084375 0.0953125
1 0.2484375 0.1203125 0.096875 0.1328125
1 0.24921875 0.0609375 0.08671875 0.07578125
1 0.04140625 0.3140625 0.0828125 0.246875
1 0.3296875 0.015625 0.0703125 0.03125
1 0.7875 0.040625 0.059375 0.08125
2 0.53828125 0.0578125 0.040625 0.103125
2 0.6625 0.103125 0.0328125 0.0984375
2 0.76015625 0.0984375 0.02421875 0.1046875
2 0.83203125 0.05859375 0.0234375 0.05859375
2 0.81796875 0.046875 0.01796875 0.05234375
2 0.57265625 0.01328125 0.0234375 0.0265625
2 0.66953125 0.01640625 0.0234375 0.0328125
2 0.38359375 0.0140625 0.01875 0.028125