1 0.63359375 0.28515625 0.1375 0.21328125
1 0.1609375 0.18046875 0.1125 0.16640625
1 0.31484375 0.08125 0.0796875 0.1
1 0.8546875 0.11953125 0.06796875 0.103125
1 0.7765625 0.15703125 0.1203125 0.16953125
1 0.90078125 0.046875 0.0640625 0.09375
1 0.53203125 0.0671875 0.08515625 0.134375
0 0.1796875 0.48203125 0.25546875 0.5265625
2 0.33828125 0.340625 0.0671875 0.20859375
2 0.2390625 0.1328125 0.04453125 0.1296875
2 0.171875 0.05859375 0.03828125 0.1078125
1 0.20703125 0.03515625 0.0578125 0.0703125
1 0.23671875 0.02421875 0.0453125 0.04765625
1 0.41875 0.04140625 0.08125 0.0828125
1 0.32734375 0.02890625 0.06015625 0.05703125
2 0.67734375 0.028125 0.03125 0.05546875