1 0.43828125 0.11171875 0.06875 0.0875
1 0.55546875 0.51171875 0.1359375 0.2234375
1 0.39375 0.28671875 0.11484375 0.15625
1 0.528125 0.34921875 0.109375 0.16484375
1 0.134375 0.05 0.06796875 0.09609375
1 0.13125 0.2015625 0.109375 0.17109375
1 0.36796875 0.02890625 0.0546875 0.0578125
1 0.534375 0.01640625 0.05078125 0.0328125
1 0.5484375 0.06640625 0.05 0.07734375
1 0.60390625 0.02421875 0.0453125 0.0484375
1 0.671875 0.0453125 0.059375 0.090625
1 0.72109375 0.12578125 0.06953125 0.11953125
1 0.78828125 0.0328125 0.0546875 0.065625
1 0.93125 0.175 0.1328125 0.10546875
1 0.9203125 0.1109375 0.1359375 0.1046875
1 0.94375 0.43828125 0.11171875 0.27265625
2 0.92890625 0.27890625 0.04296875 0.1125
2 0.2921875 0.02421875 0.0203125 0.04765625
2 0.8421875 0.05234375 0.0203125 0.06953125
2 0.8234375 0.04375 0.01640625 0.08671875