1 0.94921875 0.21640625 0.09375 0.1375
1 0.49296875 0.07578125 0.06796875 0.08125
1 0.3609375 0.271875 0.0953125 0.1328125
1 0.29609375 0.41015625 0.12265625 0.1984375
1 0.20625 0.03359375 0.05078125 0.0640625
1 0.1078125 0.12265625 0.1171875 0.09375
1 0.2265625 0.0859375 0.0625 0.0875
1 0.42265625 0.0296875 0.0453125 0.05625
1 0.325 0.1828125 0.0828125 0.1484375
1 0.37734375 0.04140625 0.05546875 0.06171875
1 0.3765625 0.08828125 0.0609375 0.08359375
1 0.2359375 0.021875 0.02734375 0.04296875
2 0.47265625 0.13671875 0.02734375 0.09609375
1 0.85859375 0.01796875 0.04140625 0.03515625
2 0.1984375 0.1484375 0.02890625 0.10703125
2 0.16796875 0.05546875 0.02890625 0.0515625
2 0.471875 0.03125 0.025 0.0625
2 0.30703125 0.0125 0.01328125 0.02421875
2 0.8078125 0.08515625 0.01640625 0.08359375
2 0.6578125 0.01875 0.01640625 0.02890625
2 0.871875 0.06875 0.02734375 0.07890625