1 0.6046875 0.5703125 0.175 0.31640625
1 0.7359375 0.88046875 0.271875 0.2390625
1 0.76875 0.35390625 0.1296875 0.2234375
1 0.93828125 0.3484375 0.1140625 0.23125
1 0.8625 0.23828125 0.084375 0.17421875
1 0.6203125 0.15078125 0.1375 0.2609375
1 0.54140625 0.08671875 0.06328125 0.1046875
1 0.33046875 0.04609375 0.0796875 0.0921875
1 0.2390625 0.04296875 0.06328125 0.0859375
1 0.1859375 0.09921875 0.084375 0.09140625
1 0.73046875 0.03671875 0.0734375 0.0734375
1 0.553125 0.01953125 0.05546875 0.03828125
1 0.6546875 0.02890625 0.05234375 0.05078125
1 0.48515625 0.01640625 0.06015625 0.03203125
1 0.9734375 0.16015625 0.053125 0.0828125
2 0.91484375 0.18125 0.04609375 0.125
2 0.11875 0.78125 0.1015625 0.4015625
2 0.440625 0.26796875 0.06015625 0.16796875
2 0.440625 0.096875 0.01875 0.1203125
2 0.46328125 0.0859375 0.02578125 0.08515625
2 0.078125 0.17890625 0.05390625 0.1359375
2 0.11953125 0.0328125 0.021875 0.06015625
2 0.7953125 0.078125 0.03984375 0.115625