1 0.0765625 0.68046875 0.153125 0.2953125
1 0.2015625 0.3453125 0.11953125 0.171875
1 0.246875 0.175 0.08203125 0.15390625
1 0.2125 0.13359375 0.05859375 0.1046875
1 0.90546875 0.1671875 0.09765625 0.1203125
1 0.8953125 0.08984375 0.06796875 0.08203125
1 0.85703125 0.0546875 0.053125 0.05390625
1 0.725 0.040625 0.05390625 0.08125
1 0.365625 0.14375 0.07265625 0.10546875
1 0.2109375 0.028125 0.04609375 0.05625
1 0.62890625 0.88984375 0.2765625 0.2203125
1 0.41796875 0.02109375 0.04921875 0.0421875
1 0.4171875 0.09296875 0.05859375 0.1015625
1 0.2234375 0.01640625 0.046875 0.0328125
2 0.67265625 0.4109375 0.04921875 0.1859375
2 0.59375 0.28046875 0.03671875 0.153125
2 0.55 0.13515625 0.021875 0.10703125
2 0.50234375 0.15546875 0.0265625 0.11171875
2 0.48984375 0.0359375 0.0140625 0.071875
2 0.4515625 0.02109375 0.0171875 0.0421875
2 0.06015625 0.321875 0.04375 0.15625
2 0.89375 0.02109375 0.0265625 0.0421875
2 0.36484375 0.0609375 0.02734375 0.07421875