2 0.3765625 0.3125 0.05625 0.18359375
2 0.5484375 0.5890625 0.08046875 0.2703125
2 0.75546875 0.1171875 0.0453125 0.1078125
2 0.54765625 0.03515625 0.0328125 0.0703125
1 0.07421875 0.078125 0.06484375 0.096875
1 0.05078125 0.12890625 0.1015625 0.125
1 0.67265625 0.89765625 0.2703125 0.2046875
1 0.81171875 0.63828125 0.21171875 0.35625
1 0.67734375 0.35625 0.13359375 0.259375
1 0.621875 0.21015625 0.09140625 0.1390625
1 0.84453125 0.16796875 0.13046875 0.228125
1 0.9453125 0.12109375 0.109375 0.19609375
1 0.596875 0.08359375 0.0609375 0.1015625
1 0.60546875 0.0359375 0.06796875 0.071875
1 0.76640625 0.021875 0.0453125 0.04375
1 0.79140625 0.03828125 0.0484375 0.0765625
2 0.8328125 0.05703125 0.0390625 0.08671875