2 0.40859375 0.59609375 0.08125 0.2796875
2 0.3734375 0.3625 0.0515625 0.20078125
2 0.309375 0.33046875 0.04765625 0.18515625
2 0.40546875 0.22421875 0.05390625 0.17109375
2 0.44765625 0.14453125 0.046875 0.134375
2 0.51171875 0.05625 0.0265625 0.06953125
2 0.159375 0.28984375 0.03984375 0.1546875
2 0.16484375 0.06015625 0.03046875 0.06796875
2 0.7390625 0.0484375 0.028125 0.08203125
2 0.68515625 0.04921875 0.04453125 0.0984375
1 0.09296875 0.3890625 0.13515625 0.16953125
1 0.13671875 0.22578125 0.1 0.134375
1 0.05 0.1296875 0.1 0.1171875
1 0.25390625 0.07421875 0.06015625 0.1140625
1 0.32890625 0.05625 0.0609375 0.1125
1 0.29921875 0.0140625 0.03984375 0.028125
1 0.23984375 0.021875 0.0453125 0.04375
1 0.209375 0.04296875 0.065625 0.0859375
1 0.45390625 0.0515625 0.0546875 0.103125
1 0.43984375 0.015625 0.0625 0.03046875
1 0.65 0.03515625 0.059375 0.0703125
1 0.7953125 0.03125 0.059375 0.0625