2 0.5390625 0.1953125 0.040625 0.14296875
2 0.4734375 0.4328125 0.04453125 0.1890625
2 0.803125 0.30078125 0.0484375 0.1609375
2 0.66171875 0.68125 0.0671875 0.29296875
2 0.71640625 0.5328125 0.04921875 0.203125
2 0.8375 0.05390625 0.02578125 0.08828125
2 0.7140625 0.01640625 0.015625 0.0328125
2 0.41484375 0.8921875 0.1046875 0.215625
2 0.534375 0.01640625 0.021875 0.0328125
1 0.4390625 0.0875 0.06953125 0.1046875
1 0.68203125 0.40625 0.11875 0.228125
1 0.58046875 0.02578125 0.059375 0.0515625
1 0.7828125 0.0359375 0.0625 0.071875
1 0.784375 0.86953125 0.25078125 0.2609375
1 0.1078125 0.0375 0.05390625 0.07421875