1 0.73515625 0.75234375 0.18515625 0.403125
1 0.2703125 0.515625 0.1875 0.271875
1 0.76484375 0.44375 0.175 0.2484375
1 0.753125 0.25390625 0.0953125 0.18359375
0 0.61015625 0.0734375 0.11640625 0.14609375
1 0.70078125 0.09375 0.06015625 0.09140625
1 0.9359375 0.15 0.12734375 0.1234375
1 0.2375 0.13671875 0.07578125 0.103125
1 0.35078125 0.046875 0.065625 0.09375
2 0.525 0.34375 0.06328125 0.19296875
2 0.86484375 0.22109375 0.03984375 0.125
2 0.75546875 0.128125 0.0296875 0.1171875
2 0.73515625 0.06640625 0.025 0.08046875
2 0.7765625 0.04609375 0.0515625 0.08828125
2 0.834375 0.05078125 0.0296875 0.07890625
1 0.79375 0.04140625 0.059375 0.0703125