1 0.43203125 0.85546875 0.25390625 0.2890625
1 0.46171875 0.05546875 0.05625 0.0796875
1 0.59921875 0.053125 0.05078125 0.075
1 0.85703125 0.46015625 0.1515625 0.2984375
1 0.6703125 0.1578125 0.065625 0.1078125
1 0.7890625 0.03046875 0.05625 0.0609375
1 0.678125 0.028125 0.04375 0.05546875
1 0.68125 0.06484375 0.05 0.0734375
1 0.97578125 0.7046875 0.04765625 0.27734375
1 0.0421875 0.19296875 0.084375 0.19296875
1 0.17734375 0.17890625 0.06171875 0.096875
1 0.30625 0.0375 0.0625 0.075
2 0.3390625 0.3328125 0.04296875 0.16640625
2 0.47265625 0.17421875 0.03125 0.12578125
2 0.596875 0.38046875 0.0390625 0.18203125
2 0.73359375 0.0296875 0.01640625 0.059375
2 0.196875 0.05859375 0.01640625 0.07734375
1 0.96171875 0.15546875 0.0765625 0.0890625
1 0.546875 0.13984375 0.0703125 0.096875
2 0.08359375 0.9390625 0.0953125 0.121875
2 0.21328125 0.0765625 0.01953125 0.08046875
0 0.75859375 0.19140625 0.1421875 0.2734375