2 0.83125 0.05546875 0.03203125 0.06015625
2 0.70859375 0.01640625 0.01953125 0.0328125
1 0.40078125 0.2140625 0.0875 0.1359375
1 0.53984375 0.12265625 0.071875 0.13671875
1 0.6375 0.09140625 0.0609375 0.08671875
1 0.7703125 0.021875 0.03984375 0.04375
1 0.58515625 0.04921875 0.0515625 0.0984375
1 0.9015625 0.31953125 0.12109375 0.19140625
1 0.79140625 0.0328125 0.0546875 0.06484375
1 0.7890625 0.10078125 0.078125 0.09765625
1 0.915625 0.66171875 0.16875 0.29375
0 0.65078125 0.503125 0.278125 0.61484375