0 0.1078125 0.54765625 0.215625 0.66640625
1 0.19296875 0.3796875 0.0671875 0.21640625
1 0.365625 0.49296875 0.1453125 0.2703125
1 0.6109375 0.21015625 0.0984375 0.246875
1 0.540625 0.0703125 0.0578125 0.096875
1 0.525 0.02890625 0.07109375 0.05703125
1 0.41328125 0.0203125 0.05390625 0.03984375
1 0.45546875 0.1421875 0.084375 0.1140625
1 0.1484375 0.196875 0.15078125 0.15859375
1 0.209375 0.03984375 0.05 0.0796875
1 0.2375 0.01875 0.040625 0.03671875
1 0.840625 0.1921875 0.10234375 0.18046875
1 0.68125 0.053125 0.06875 0.05703125
1 0.69921875 0.0203125 0.06328125 0.03984375
1 0.85625 0.04375 0.040625 0.07890625
0 0.803125 0.06640625 0.121875 0.13203125
2 0.88125 0.02421875 0.03203125 0.04140625
2 0.96015625 0.28046875 0.03828125 0.18671875
2 0.91484375 0.21640625 0.03125 0.1265625
2 0.37265625 0.2296875 0.05234375 0.1515625
2 0.253125 0.7734375 0.1015625 0.33046875
2 0.53359375 0.16015625 0.05234375 0.16015625
2 0.44765625 0.0328125 0.03203125 0.06328125
1 0.9890625 0.24296875 0.021875 0.2265625