1 0.01796875 0.33515625 0.0359375 0.16640625
1 0.1171875 0.08203125 0.07109375 0.09375
1 0.20625 0.03203125 0.05390625 0.0640625
1 0.31875 0.6484375 0.234375 0.365625
1 0.61484375 0.02421875 0.04453125 0.0484375
1 0.634375 0.12421875 0.06640625 0.103125
1 0.78671875 0.03515625 0.05 0.0671875
1 0.68828125 0.42265625 0.1296875 0.1921875
1 0.675 0.79921875 0.2296875 0.4015625
1 0.765625 0.02890625 0.03046875 0.0578125
2 0.58125 0.6515625 0.07890625 0.2515625
2 0.7 0.2859375 0.05078125 0.134375
2 0.75859375 0.26015625 0.0421875 0.16328125
2 0.83046875 0.059375 0.01953125 0.0640625
2 0.86484375 0.10703125 0.0265625 0.08984375
2 0.7125 0.0203125 0.01796875 0.03984375
2 0.04453125 0.1625 0.0265625 0.11328125
2 0.0734375 0.1921875 0.02578125 0.11875
2 0.1859375 0.08203125 0.02421875 0.07890625
2 0.5515625 0.02421875 0.01875 0.0484375