1 0.64921875 0.3609375 0.11796875 0.225
1 0.490625 0.25390625 0.0890625 0.18671875
1 0.45390625 0.51640625 0.15 0.2484375
1 0.271875 0.88671875 0.26875 0.2265625
1 0.315625 0.29921875 0.1140625 0.17265625
1 0.39921875 0.20234375 0.08671875 0.1328125
1 0.1609375 0.2078125 0.09609375 0.15625
1 0.2390625 0.07109375 0.071875 0.1015625
1 0.3625 0.06953125 0.06328125 0.09296875
1 0.87578125 0.1953125 0.1109375 0.16796875
1 0.79140625 0.14296875 0.1 0.134375
2 0.55390625 0.1171875 0.03671875 0.1078125
2 0.48515625 0.05 0.02890625 0.07578125
2 0.52421875 0.02421875 0.0171875 0.04765625
2 0.3296875 0.11640625 0.0375 0.1