1 0.90390625 0.409375 0.1625 0.2265625
1 0.66875 0.3375 0.1234375 0.20546875
1 0.65625 0.21953125 0.11796875 0.15625
1 0.6203125 0.13125 0.071875 0.1109375
1 0.7859375 0.04609375 0.05625 0.08984375
1 0.7671875 0.0234375 0.0515625 0.04609375
1 0.45078125 0.0890625 0.065625 0.10625
1 0.321875 0.353125 0.14375 0.2625
1 0.24296875 0.1359375 0.0890625 0.1296875
1 0.2109375 0.08359375 0.0625 0.07109375
1 0.1625 0.11640625 0.08046875 0.08515625
1 0.05625 0.20546875 0.103125 0.1546875
0 0.0578125 0.040625 0.115625 0.08125
2 0.15625 0.1796875 0.0328125 0.153125
2 0.47734375 0.2390625 0.0390625 0.15703125
2 0.55625 0.09296875 0.03671875 0.1078125
2 0.50078125 0.0484375 0.028125 0.08828125
2 0.8609375 0.20546875 0.04375 0.1546875
2 0.9578125 0.1921875 0.05625 0.146875
2 0.91171875 0.1203125 0.04140625 0.0984375
2 0.83515625 0.05390625 0.02578125 0.06796875
2 0.81875 0.04296875 0.0203125 0.05234375
2 0.71875 0.01875 0.015625 0.03671875
1 0.34765625 0.034375 0.0546875 0.06875
1 0.28359375 0.03125 0.0515625 0.06171875