1 0.178125 0.71640625 0.2203125 0.3609375
1 0.77265625 0.35234375 0.134375 0.20546875
1 0.9265625 0.365625 0.11796875 0.21015625
1 0.70625 0.01875 0.04453125 0.03671875
1 0.72890625 0.0484375 0.053125 0.07265625
1 0.7609375 0.071875 0.0625 0.08828125
1 0.7984375 0.10234375 0.0953125 0.09375
1 0.88203125 0.15078125 0.18828125 0.19921875
1 0.79140625 0.03125 0.04453125 0.06171875
1 0.7703125 0.01796875 0.0359375 0.03515625
1 0.60078125 0.0984375 0.06875 0.1078125
1 0.1234375 0.2078125 0.1421875 0.2578125
1 0.29765625 0.028125 0.06015625 0.05546875
2 0.83203125 0.04921875 0.02890625 0.08046875
2 0.51484375 0.2453125 0.05 0.16328125
2 0.44921875 0.13515625 0.04453125 0.125
2 0.5296875 0.05546875 0.0359375 0.08359375
2 0.52578125 0.0265625 0.0390625 0.053125
2 0.96875 0.2 0.05234375 0.09375
2 0.55078125 0.02421875 0.021875 0.04765625
2 0.56875 0.02421875 0.0171875 0.04765625