1 0.4765625 0.4 0.11640625 0.228125
1 0.7796875 0.28828125 0.12421875 0.24375
1 0.9375 0.36640625 0.125 0.29140625
1 0.8671875 0.765625 0.265625 0.46875
1 0.425 0.1421875 0.08671875 0.1546875
1 0.7046875 0.153125 0.07734375 0.1296875
1 0.6140625 0.078125 0.07109375 0.14375
1 0.56328125 0.03515625 0.0515625 0.0703125
1 0.67890625 0.0421875 0.05625 0.06640625
1 0.6625 0.0171875 0.0484375 0.03359375
1 0.79140625 0.03125 0.0484375 0.0625
1 0.0640625 0.17890625 0.11171875 0.1171875
1 0.12890625 0.11796875 0.10703125 0.121875
1 0.2640625 0.04765625 0.06015625 0.08671875
1 0.090625 0.03203125 0.065625 0.0640625
2 0.21796875 0.08671875 0.03125 0.08984375
2 0.13671875 0.03359375 0.0234375 0.0671875
2 0.75625 0.08125 0.034375 0.10625