1 0.690625 0.475 0.1828125 0.275
1 0.7875 0.3359375 0.13203125 0.2328125
1 0.884375 0.17265625 0.225 0.1453125
1 0.79296875 0.03984375 0.0578125 0.0796875
1 0.63828125 0.08203125 0.07890625 0.1484375
1 0.6 0.0265625 0.053125 0.053125
1 0.50234375 0.21953125 0.0921875 0.17734375
1 0.084375 0.0546875 0.0765625 0.109375
1 0.17421875 0.040625 0.0609375 0.08125
2 0.40234375 0.575 0.1 0.2484375
2 0.9578125 0.65 0.071875 0.29609375
2 0.63125 0.28046875 0.04609375 0.18984375
2 0.81484375 0.0921875 0.02890625 0.09375
2 0.74609375 0.034375 0.0171875 0.06875
2 0.6703125 0.01796875 0.02890625 0.03515625
2 0.14375 0.11796875 0.0375 0.121875
2 0.25234375 0.10625 0.02890625 0.1046875
2 0.2296875 0.0515625 0.0296875 0.07265625