1 0.3953125 0.5703125 0.175 0.31640625
1 0.2640625 0.88046875 0.271875 0.2390625
1 0.23125 0.35390625 0.1296875 0.2234375
1 0.06171875 0.3484375 0.1140625 0.23125
1 0.1375 0.23828125 0.084375 0.17421875
1 0.3796875 0.15078125 0.1375 0.2609375
1 0.45859375 0.08671875 0.06328125 0.1046875
1 0.66953125 0.04609375 0.0796875 0.0921875
1 0.7609375 0.04296875 0.06328125 0.0859375
1 0.8140625 0.09921875 0.084375 0.09140625
1 0.26953125 0.03671875 0.0734375 0.0734375
1 0.446875 0.01953125 0.05546875 0.03828125
1 0.3453125 0.02890625 0.05234375 0.05078125
1 0.51484375 0.01640625 0.06015625 0.03203125
1 0.0265625 0.16015625 0.053125 0.0828125
2 0.08515625 0.18125 0.04609375 0.125
2 0.88125 0.78125 0.1015625 0.4015625
2 0.559375 0.26796875 0.06015625 0.16796875
2 0.559375 0.096875 0.01875 0.1203125
2 0.53671875 0.0859375 0.02578125 0.08515625
2 0.921875 0.17890625 0.05390625 0.1359375
2 0.88046875 0.0328125 0.021875 0.06015625
2 0.2046875 0.078125 0.03984375 0.115625