2 0.4875 0.4390625 0.078125 0.2265625
2 0.90625 0.70703125 0.0953125 0.31171875
2 0.1015625 0.9140625 0.1234375 0.17109375
2 0.68828125 0.24375 0.03984375 0.1515625
2 0.709375 0.1484375 0.0484375 0.1296875
2 0.78828125 0.16328125 0.040625 0.1234375
2 0.68125 0.03515625 0.025 0.0703125
1 0.3 0.3921875 0.17890625 0.19453125
1 0.74296875 0.484375 0.16328125 0.259375
1 0.953125 0.45625 0.09375 0.2390625
1 0.44453125 0.10078125 0.06875 0.10625
1 0.46796875 0.04140625 0.0640625 0.0828125
1 0.6140625 0.09453125 0.071875 0.11875
1 0.6421875 0.0453125 0.06796875 0.090625
1 0.78828125 0.03359375 0.0515625 0.0671875
1 0.9625 0.11484375 0.075 0.140625
1 0.559375 0.02109375 0.0703125 0.04140625
1 0.32421875 0.0265625 0.0921875 0.053125
1 0.278125 0.07734375 0.0890625 0.1390625
1 0.1125 0.0921875 0.10625 0.1
1 0.10625 0.021875 0.06875 0.04375
1 0.1875 0.028125 0.05234375 0.05546875