2 0.54609375 0.40546875 0.08671875 0.2453125
2 0.5203125 0.215625 0.0578125 0.153125
2 0.48359375 0.03046875 0.03359375 0.06015625
2 0.165625 0.0640625 0.03203125 0.06640625
2 0.17734375 0.05546875 0.02890625 0.05234375
2 0.8484375 0.1203125 0.0359375 0.1484375
1 0.26015625 0.73125 0.23359375 0.40703125
1 0.22890625 0.24453125 0.13828125 0.21484375
1 0.11953125 0.17109375 0.1953125 0.17890625
1 0.2046875 0.0390625 0.071875 0.07265625
1 0.234375 0.0234375 0.05 0.04609375
1 0.32578125 0.03984375 0.0796875 0.0796875
1 0.3921875 0.17421875 0.08671875 0.1203125
1 0.40078125 0.10234375 0.08515625 0.10625
1 0.66640625 0.02890625 0.0671875 0.0578125
1 0.40390625 0.01875 0.05703125 0.03671875