2 0.53671875 0.728125 0.11484375 0.29609375
2 0.33671875 0.4609375 0.059375 0.2234375
2 0.57734375 0.34921875 0.084375 0.20234375
2 0.57734375 0.94609375 0.140625 0.1078125
2 0.16875 0.18828125 0.0453125 0.1359375
2 0.20546875 0.11953125 0.0375 0.08515625
2 0.1625 0.05078125 0.04609375 0.07734375
2 0.28359375 0.034375 0.0359375 0.06875
1 0.8015625 0.1390625 0.1265625 0.1546875
1 0.9359375 0.2875 0.128125 0.2359375
1 0.72109375 0.04453125 0.0765625 0.0890625
1 0.86328125 0.034375 0.0546875 0.06875
1 0.45234375 0.05 0.0625 0.1
1 0.096875 0.38671875 0.15390625 0.34375
1 0.22734375 0.3078125 0.09140625 0.19609375
1 0.25625 0.20234375 0.0828125 0.17890625
1 0.06328125 0.1515625 0.12578125 0.234375
1 0.20546875 0.034375 0.0609375 0.06875
1 0.23671875 0.01875 0.025 0.03671875
1 0.296875 0.84296875 0.23203125 0.31328125
1 0.9046875 0.8078125 0.190625 0.384375