1 0.35078125 0.3609375 0.11796875 0.225
1 0.509375 0.25390625 0.0890625 0.18671875
1 0.54609375 0.51640625 0.15 0.2484375
1 0.728125 0.88671875 0.26875 0.2265625
1 0.684375 0.29921875 0.1140625 0.17265625
1 0.60078125 0.20234375 0.08671875 0.1328125
1 0.8390625 0.2078125 0.09609375 0.15625
1 0.7609375 0.07109375 0.071875 0.1015625
1 0.6375 0.06953125 0.06328125 0.09296875
1 0.12421875 0.1953125 0.1109375 0.16796875
1 0.20859375 0.14296875 0.1 0.134375
2 0.44609375 0.1171875 0.03671875 0.1078125
2 0.51484375 0.05 0.02890625 0.07578125
2 0.47578125 0.02421875 0.0171875 0.04765625
2 0.6703125 0.11640625 0.0375 0.1