1 0.75546875 0.53984375 0.1734375 0.2640625
1 0.6375 0.28125 0.11796875 0.184375
1 0.33359375 0.5609375 0.15 0.26015625
1 0.26640625 0.06484375 0.05234375 0.07421875
1 0.3359375 0.021875 0.046875 0.04375
1 0.21171875 0.0359375 0.0515625 0.071875
1 0.2328125 0.0171875 0.03671875 0.034375
1 0.95234375 0.31484375 0.0953125 0.15625
1 0.86015625 0.1359375 0.075 0.09921875
1 0.71875 0.09296875 0.06640625 0.07890625
1 0.6578125 0.01015625 0.03984375 0.01953125
1 0.76640625 0.04921875 0.0578125 0.0921875
2 0.42890625 0.02734375 0.0203125 0.0546875
2 0.378125 0.13671875 0.0328125 0.10859375
2 0.16484375 0.053125 0.0265625 0.0671875
0 0.93125 0.0890625 0.1375 0.178125