1 0.821875 0.71640625 0.2203125 0.3609375
1 0.22734375 0.35234375 0.134375 0.20546875
1 0.0734375 0.365625 0.11796875 0.21015625
1 0.29375 0.01875 0.04453125 0.03671875
1 0.27109375 0.0484375 0.053125 0.07265625
1 0.2390625 0.071875 0.0625 0.08828125
1 0.2015625 0.10234375 0.0953125 0.09375
1 0.11796875 0.15078125 0.18828125 0.19921875
1 0.20859375 0.03125 0.04453125 0.06171875
1 0.2296875 0.01796875 0.0359375 0.03515625
1 0.39921875 0.0984375 0.06875 0.1078125
1 0.8765625 0.2078125 0.1421875 0.2578125
1 0.70234375 0.028125 0.06015625 0.05546875
2 0.16796875 0.04921875 0.02890625 0.08046875
2 0.48515625 0.2453125 0.05 0.16328125
2 0.55078125 0.13515625 0.04453125 0.125
2 0.4703125 0.05546875 0.0359375 0.08359375
2 0.47421875 0.0265625 0.0390625 0.053125
2 0.03125 0.2 0.05234375 0.09375
2 0.44921875 0.02421875 0.021875 0.04765625
2 0.43125 0.02421875 0.0171875 0.04765625