2 0.05859375 0.38671875 0.06015625 0.21484375
2 0.6609375 0.02578125 0.01875 0.05078125
2 0.728125 0.0234375 0.0265625 0.04609375
1 0.29375 0.603125 0.1890625 0.515625
1 0.23203125 0.28046875 0.09921875 0.16171875
1 0.059375 0.18671875 0.11796875 0.1515625
1 0.21015625 0.0375 0.0640625 0.075
1 0.3875 0.2484375 0.103125 0.28359375
1 0.43046875 0.15703125 0.0484375 0.0953125
1 0.26484375 0.1625 0.0875 0.1
1 0.30859375 0.0875 0.06484375 0.08515625
1 0.275 0.05234375 0.0484375 0.08046875
1 0.29765625 0.021875 0.0484375 0.04375
1 0.41328125 0.0625 0.05546875 0.096875
1 0.45625 0.034375 0.05625 0.06875
1 0.753125 0.11875 0.0859375 0.1328125
1 0.82578125 0.08984375 0.06328125 0.1046875
1 0.89921875 0.06953125 0.078125 0.08671875
1 0.88203125 0.14296875 0.09296875 0.140625