1 0.5234375 0.4 0.11640625 0.228125
1 0.2203125 0.28828125 0.12421875 0.24375
1 0.0625 0.36640625 0.125 0.29140625
1 0.1328125 0.765625 0.265625 0.46875
1 0.575 0.1421875 0.08671875 0.1546875
1 0.2953125 0.153125 0.07734375 0.1296875
1 0.3859375 0.078125 0.07109375 0.14375
1 0.43671875 0.03515625 0.0515625 0.0703125
1 0.32109375 0.0421875 0.05625 0.06640625
1 0.3375 0.0171875 0.0484375 0.03359375
1 0.20859375 0.03125 0.0484375 0.0625
1 0.9359375 0.17890625 0.11171875 0.1171875
1 0.87109375 0.11796875 0.10703125 0.121875
1 0.7359375 0.04765625 0.06015625 0.08671875
1 0.909375 0.03203125 0.065625 0.0640625
2 0.78203125 0.08671875 0.03125 0.08984375
2 0.86328125 0.03359375 0.0234375 0.0671875
2 0.24375 0.08125 0.034375 0.10625