1 0.64375 0.62890625 0.21171875 0.40859375
1 0.3609375 0.32578125 0.16953125 0.25625
1 0.53046875 0.24609375 0.11875 0.18046875
1 0.75625 0.2671875 0.11875 0.2375
1 0.81171875 0.14453125 0.1109375 0.14375
1 0.7375 0.0703125 0.0640625 0.096875
1 0.6984375 0.03984375 0.053125 0.0796875
1 0.79375 0.0390625 0.053125 0.078125
1 0.76171875 0.03125 0.0390625 0.0625
2 0.8328125 0.065625 0.0359375 0.07578125
2 0.6359375 0.040625 0.02890625 0.07890625
2 0.54921875 0.04140625 0.02109375 0.06796875
2 0.5484375 0.02578125 0.021875 0.05078125
2 0.3390625 0.875 0.14609375 0.25
2 0.034375 0.19921875 0.04921875 0.16015625
1 0.20703125 0.09140625 0.1 0.1453125
1 0.13203125 0.0734375 0.053125 0.08828125
1 0.059375 0.0546875 0.06875 0.07890625
1 0.34296875 0.0421875 0.0671875 0.084375
1 0.303125 0.021875 0.05390625 0.04296875
1 0.5453125 0.12109375 0.0890625 0.128125
1 0.4546875 0.0671875 0.0671875 0.109375