1 0.53125 0.51875 0.159375 0.31796875
1 0.8953125 0.2265625 0.12421875 0.19765625
1 0.765625 0.11796875 0.08125 0.109375
1 0.56328125 0.12109375 0.0828125 0.16484375
1 0.6421875 0.03828125 0.05625 0.0765625
1 0.29375 0.05078125 0.0578125 0.09296875
1 0.209375 0.03515625 0.053125 0.0703125
1 0.22890625 0.02421875 0.0421875 0.0484375
2 0.24296875 0.059375 0.0359375 0.096875
2 0.21796875 0.0828125 0.02578125 0.09375
2 0.1625 0.053125 0.03671875 0.08515625
2 0.17734375 0.26875 0.05 0.16015625
2 0.4390625 0.14140625 0.0515625 0.14375
2 0.37578125 0.38046875 0.0640625 0.19296875
2 0.42265625 0.03671875 0.0203125 0.07109375
2 0.40390625 0.03671875 0.0234375 0.0734375
2 0.89765625 0.06796875 0.028125 0.1015625
2 0.98359375 0.18515625 0.0328125 0.1296875