1 0.2390625 0.58046875 0.19140625 0.3171875
1 0.7296875 0.47109375 0.13125 0.228125
1 0.11953125 0.15078125 0.0859375 0.10234375
1 0.525 0.1671875 0.08515625 0.134375
1 0.65 0.1875 0.0828125 0.09375
1 0.615625 0.05078125 0.05078125 0.0796875
1 0.784375 0.1625 0.07578125 0.1296875
1 0.7890625 0.03671875 0.0578125 0.0703125
1 0.77109375 0.02421875 0.0390625 0.0484375
2 0.828125 0.0546875 0.0375 0.07265625
2 0.5703125 0.32109375 0.0515625 0.1734375
2 0.51015625 0.4296875 0.059375 0.2109375
2 0.92578125 0.3125 0.04921875 0.17109375