2 0.5671875 0.31796875 0.07265625 0.20390625
2 0.471875 0.2515625 0.05390625 0.1546875
2 0.40546875 0.10703125 0.034375 0.134375
2 0.33515625 0.06484375 0.0453125 0.1296875
2 0.1625 0.05234375 0.034375 0.08671875
2 0.18125 0.0453125 0.0203125 0.07890625
1 0.2765625 0.7796875 0.109375 0.3546875
1 0.34453125 0.3421875 0.14921875 0.21484375
1 0.59921875 0.23515625 0.1078125 0.16796875
1 0.96171875 0.32421875 0.0765625 0.1390625
1 0.9734375 0.23828125 0.053125 0.096875
1 0.95859375 0.1375 0.0734375 0.1171875
1 0.87578125 0.14296875 0.103125 0.115625
1 0.7703125 0.1609375 0.0890625 0.16171875
1 0.76640625 0.05078125 0.10625 0.1015625
1 0.2015625 0.034375 0.084375 0.06875
1 0.228125 0.01796875 0.06875 0.03515625
1 0.103125 0.47109375 0.16953125 0.2703125
1 0.55234375 0.09296875 0.10625 0.1359375