2 0.425 0.90078125 0.08671875 0.1984375
2 0.5265625 0.24765625 0.0453125 0.1375
1 0.434375 0.125 0.0703125 0.109375
1 0.6453125 0.22734375 0.0875 0.15078125
1 0.765625 0.0234375 0.0375 0.046875
1 0.78828125 0.04140625 0.0515625 0.08203125
2 0.83828125 0.04609375 0.03359375 0.05546875
1 0.9359375 0.8125 0.12734375 0.37421875
1 0.6015625 0.1109375 0.06796875 0.10625
1 0.54765625 0.03125 0.0421875 0.0625
1 0.63984375 0.03203125 0.04765625 0.0640625
1 0.6203125 0.0765625 0.0515625 0.08671875
1 0.52578125 0.01640625 0.03984375 0.0328125