1 0.63828125 0.33671875 0.13984375 0.2625
1 0.8875 0.15703125 0.1671875 0.265625
1 0.5984375 0.0828125 0.071875 0.1
1 0.525 0.159375 0.07109375 0.134375
1 0.46328125 0.06484375 0.05703125 0.08046875
1 0.7890625 0.0484375 0.0453125 0.08515625
1 0.765625 0.0265625 0.03125 0.05234375
1 0.27265625 0.0578125 0.059375 0.10625
1 0.18671875 0.09609375 0.1046875 0.128125
1 0.33203125 0.034375 0.0546875 0.06875
2 0.61796875 0.65078125 0.09375 0.32265625
2 0.9671875 0.4609375 0.05703125 0.2578125
2 0.53203125 0.2234375 0.03984375 0.16015625
2 0.5046875 0.03125 0.015625 0.0625
2 0.51953125 0.0453125 0.01796875 0.090625
2 0.59296875 0.021875 0.0234375 0.04296875
2 0.73828125 0.0765625 0.0234375 0.109375
2 0.8375 0.065625 0.034375 0.07578125
2 0.82109375 0.0546875 0.02421875 0.04765625