1 0.5046875 0.39921875 0.12578125 0.22734375
1 0.0609375 0.29765625 0.12109375 0.15078125
1 0.571875 0.2109375 0.090625 0.12578125
1 0.49375 0.05078125 0.0546875 0.0796875
1 0.69453125 0.246875 0.0984375 0.1828125
1 0.66328125 0.0328125 0.04375 0.065625
1 0.715625 0.11875 0.06796875 0.12109375
1 0.86875 0.24375 0.090625 0.13046875
1 0.8796875 0.11015625 0.11484375 0.10859375
1 0.7859375 0.03515625 0.0453125 0.0640625
1 0.14609375 0.0546875 0.05 0.071875
2 0.2515625 0.08515625 0.0234375 0.08125
2 0.23046875 0.04765625 0.0203125 0.07265625
2 0.55390625 0.0375 0.01875 0.07421875
2 0.77890625 0.0625 0.02421875 0.0703125
0 0.6078125 0.046875 0.06875 0.09296875