1 0.6359375 0.91484375 0.25703125 0.16953125
1 0.35234375 0.41953125 0.14921875 0.2625
1 0.2296875 0.24375 0.121875 0.1484375
1 0.31875 0.0484375 0.04609375 0.09140625
1 0.21640625 0.05390625 0.05 0.08671875
1 0.23359375 0.021875 0.0296875 0.04375
1 0.8125 0.10703125 0.06796875 0.1
1 0.73515625 0.06015625 0.07109375 0.08671875
1 0.80625 0.03125 0.0625 0.0625
2 0.97109375 0.23046875 0.05703125 0.18046875
2 0.203125 0.69921875 0.11484375 0.30546875
2 0.3046875 0.096875 0.0328125 0.0984375
2 0.1359375 0.096875 0.04609375 0.1109375
2 0.1703125 0.05390625 0.03125 0.07109375
2 0.278125 0.0265625 0.021875 0.053125
2 0.63046875 0.01796875 0.02890625 0.03515625