2 0.5734375 0.83671875 0.134375 0.3265625
2 0.45625 0.1109375 0.03671875 0.1015625
1 0.61640625 0.2890625 0.1125 0.18046875
1 0.75390625 0.06640625 0.06484375 0.1171875
1 0.71328125 0.10546875 0.09140625 0.103125
1 0.525 0.05 0.0703125 0.07890625
1 0.18203125 0.25390625 0.11875 0.20234375
1 0.0546875 0.4125 0.109375 0.2296875
1 0.0390625 0.5984375 0.078125 0.246875
1 0.20859375 0.0328125 0.0484375 0.065625
1 0.225 0.02421875 0.04375 0.04765625
2 0.41953125 0.03125 0.015625 0.06171875
2 0.825 0.09453125 0.02890625 0.0828125
2 0.89609375 0.0453125 0.03203125 0.06328125
1 0.97265625 0.25703125 0.0546875 0.128125
1 0.87578125 0.07109375 0.065625 0.08359375
1 0.8484375 0.14921875 0.07890625 0.1015625
1 0.6203125 0.02734375 0.059375 0.0546875
1 0.68359375 0.0234375 0.04453125 0.046875