2 0.165625 0.0609375 0.03828125 0.0796875
2 0.21484375 0.15 0.0375 0.1171875
2 0.44453125 0.121875 0.03125 0.09921875
2 0.4453125 0.17109375 0.03828125 0.1390625
2 0.34453125 0.3578125 0.0515625 0.17109375
1 0.390625 0.07109375 0.053125 0.08671875
1 0.2765625 0.0828125 0.0734375 0.11015625
1 0.4234375 0.0421875 0.04140625 0.071875
1 0.1015625 0.853125 0.20234375 0.29375
1 0.209375 0.03515625 0.05234375 0.06875
1 0.2328125 0.021875 0.0375 0.04375
1 0.39375 0.021875 0.046875 0.04375
1 0.2890625 0.01796875 0.0453125 0.0359375
1 0.84453125 0.0234375 0.04765625 0.046875