2 0.66328125 0.87421875 0.13828125 0.2515625
2 0.50703125 0.02421875 0.03828125 0.04765625
1 0.53515625 0.1703125 0.0859375 0.140625
1 0.44296875 0.08359375 0.084375 0.1171875
1 0.553125 0.08203125 0.09296875 0.08984375
1 0.5515625 0.04453125 0.06875 0.0890625
1 0.78984375 0.04765625 0.0765625 0.08046875
1 0.05546875 0.209375 0.1109375 0.240625
1 0.2328125 0.14296875 0.08828125 0.146875
1 0.25078125 0.07265625 0.0703125 0.09296875
1 0.209375 0.03515625 0.05625 0.0703125
1 0.36171875 0.03515625 0.0609375 0.0703125
1 0.30390625 0.02421875 0.0671875 0.04765625
1 0.76796875 0.02421875 0.05390625 0.04765625
2 0.83515625 0.046875 0.03203125 0.06953125
2 0.815625 0.03515625 0.0203125 0.05859375