1 0.64609375 0.31171875 0.13203125 0.225
1 0.33515625 0.77265625 0.23359375 0.43046875
1 0.22890625 0.4 0.14921875 0.246875
2 0.05546875 0.6890625 0.0890625 0.2703125
2 0.2171875 0.2453125 0.05234375 0.1265625
2 0.18671875 0.10078125 0.0234375 0.09140625
2 0.21015625 0.06953125 0.015625 0.09296875
2 0.1671875 0.05390625 0.0359375 0.08671875
2 0.48828125 0.065625 0.03359375 0.10625
2 0.740625 0.04609375 0.0203125 0.08359375
1 0.95703125 0.296875 0.0859375 0.2796875
1 0.859375 0.165625 0.11953125 0.16484375
1 0.8109375 0.08515625 0.07109375 0.1078125
1 0.7640625 0.028125 0.05625 0.05546875
1 0.43203125 0.0515625 0.06171875 0.103125
1 0.25859375 0.05234375 0.05234375 0.1046875
1 0.2921875 0.02109375 0.034375 0.04140625
1 0.209375 0.0421875 0.053125 0.07578125
1 0.1125 0.1828125 0.1609375 0.16484375
1 0.3640625 0.06875 0.04765625 0.096875
1 0.36484375 0.02890625 0.0515625 0.05703125