1 0.3734375 0.45546875 0.15390625 0.240625
1 0.68359375 0.4265625 0.15546875 0.2453125
1 0.93046875 0.64765625 0.1390625 0.3296875
1 0.76796875 0.24296875 0.11015625 0.17421875
1 0.51640625 0.20078125 0.1109375 0.17578125
1 0.3703125 0.23671875 0.1015625 0.16796875
1 0.08125 0.22578125 0.1375 0.2515625
1 0.1765625 0.0953125 0.0828125 0.1453125
1 0.7703125 0.10234375 0.0703125 0.08828125
1 0.665625 0.08125 0.06796875 0.109375
1 0.6234375 0.046875 0.06015625 0.06953125
1 0.54140625 0.05390625 0.0515625 0.07421875
1 0.55625 0.02421875 0.05390625 0.04765625
1 0.328125 0.04375 0.05625 0.0875
1 0.796875 0.03203125 0.053125 0.0640625
2 0.759375 0.03984375 0.0265625 0.06171875
2 0.946875 0.38828125 0.06875 0.19609375
2 0.73125 0.5859375 0.0734375 0.2546875
2 0.64609375 0.7578125 0.08125 0.30859375
2 0.12265625 0.02421875 0.0265625 0.0484375
1 0.4796875 0.11015625 0.08359375 0.121875