2 0.5125 0.4390625 0.078125 0.2265625
2 0.09375 0.70703125 0.0953125 0.31171875
2 0.8984375 0.9140625 0.1234375 0.17109375
2 0.31171875 0.24375 0.03984375 0.1515625
2 0.290625 0.1484375 0.0484375 0.1296875
2 0.21171875 0.16328125 0.040625 0.1234375
2 0.31875 0.03515625 0.025 0.0703125
1 0.7 0.3921875 0.17890625 0.19453125
1 0.25703125 0.484375 0.16328125 0.259375
1 0.046875 0.45625 0.09375 0.2390625
1 0.55546875 0.10078125 0.06875 0.10625
1 0.53203125 0.04140625 0.0640625 0.0828125
1 0.3859375 0.09453125 0.071875 0.11875
1 0.3578125 0.0453125 0.06796875 0.090625
1 0.21171875 0.03359375 0.0515625 0.0671875
1 0.0375 0.11484375 0.075 0.140625
1 0.440625 0.02109375 0.0703125 0.04140625
1 0.67578125 0.0265625 0.0921875 0.053125
1 0.721875 0.07734375 0.0890625 0.1390625
1 0.8875 0.0921875 0.10625 0.1
1 0.89375 0.021875 0.06875 0.04375
1 0.8125 0.028125 0.05234375 0.05546875