2 0.5703125 0.215625 0.0359375 0.1375
2 0.33984375 0.0359375 0.015625 0.071875
2 0.83671875 0.0359375 0.02421875 0.03984375
1 0.359375 0.30078125 0.10859375 0.1578125
1 0.953125 0.83671875 0.09375 0.3265625
1 0.89375 0.53046875 0.16484375 0.26328125
1 0.771875 0.01953125 0.03203125 0.0390625
1 0.7859375 0.03203125 0.05234375 0.0640625
1 0.3796875 0.0140625 0.04375 0.028125
1 0.1859375 0.09375 0.0703125 0.103125
1 0.5078125 0.0578125 0.0546875 0.08359375
1 0.13828125 0.02578125 0.0515625 0.0515625
2 0.67734375 0.01328125 0.0234375 0.0265625