2 0.4328125 0.31796875 0.07265625 0.20390625
2 0.528125 0.2515625 0.05390625 0.1546875
2 0.59453125 0.10703125 0.034375 0.134375
2 0.66484375 0.06484375 0.0453125 0.1296875
2 0.8375 0.05234375 0.034375 0.08671875
2 0.81875 0.0453125 0.0203125 0.07890625
1 0.7234375 0.7796875 0.109375 0.3546875
1 0.65546875 0.3421875 0.14921875 0.21484375
1 0.40078125 0.23515625 0.1078125 0.16796875
1 0.03828125 0.32421875 0.0765625 0.1390625
1 0.0265625 0.23828125 0.053125 0.096875
1 0.04140625 0.1375 0.0734375 0.1171875
1 0.12421875 0.14296875 0.103125 0.115625
1 0.2296875 0.1609375 0.0890625 0.16171875
1 0.23359375 0.05078125 0.10625 0.1015625
1 0.7984375 0.034375 0.084375 0.06875
1 0.771875 0.01796875 0.06875 0.03515625
1 0.896875 0.47109375 0.16953125 0.2703125
1 0.44765625 0.09296875 0.10625 0.1359375