1 0.56484375 0.61640625 0.1859375 0.29296875
1 0.67265625 0.41171875 0.1 0.18828125
1 0.6078125 0.15234375 0.0734375 0.13671875
1 0.596875 0.05859375 0.04921875 0.06484375
1 0.840625 0.19765625 0.09140625 0.11640625
1 0.6953125 0.02109375 0.04609375 0.0421875
1 0.63125 0.0328125 0.053125 0.065625
1 0.7015625 0.07890625 0.0515625 0.06953125
1 0.7171875 0.12734375 0.075 0.08828125
1 0.721875 0.1765625 0.0734375 0.1015625
1 0.06875 0.06953125 0.08671875 0.10703125
1 0.14375 0.12734375 0.07265625 0.08828125
1 0.30546875 0.0734375 0.0671875 0.06640625
1 0.784375 0.0359375 0.059375 0.071875
1 0.1984375 0.02890625 0.02578125 0.0546875
1 0.3953125 0.00859375 0.04453125 0.01640625
2 0.0671875 0.2359375 0.04453125 0.128125
2 0.43046875 0.14375 0.0359375 0.10546875
2 0.471875 0.0375 0.02578125 0.07421875
2 0.21953125 0.05859375 0.03046875 0.09609375
0 0.97734375 0.609375 0.0453125 0.5046875