1 0.65234375 0.34765625 0.15546875 0.2515625
1 0.8421875 0.303125 0.11015625 0.2765625
1 0.81484375 0.1609375 0.09140625 0.11875
1 0.71171875 0.11796875 0.07265625 0.128125
1 0.634375 0.05859375 0.05234375 0.0984375
1 0.63828125 0.18515625 0.08828125 0.15703125
1 0.4515625 0.09375 0.05546875 0.15703125
1 0.25859375 0.0890625 0.06484375 0.115625
2 0.94921875 0.2859375 0.0421875 0.17421875
2 0.1375 0.11640625 0.0453125 0.128125
2 0.0453125 0.1734375 0.03359375 0.115625
2 0.57109375 0.12578125 0.04921875 0.1125
2 0.5734375 0.034375 0.0265625 0.06328125