2 0.29921875 0.4515625 0.07109375 0.2359375
2 0.8046875 0.62421875 0.0796875 0.153125
2 0.83515625 0.06640625 0.03359375 0.08984375
2 0.81875 0.0453125 0.01875 0.07890625
2 0.57890625 0.02109375 0.01640625 0.04140625
1 0.4546875 0.40078125 0.1390625 0.2671875
1 0.67578125 0.49453125 0.146875 0.2703125
1 0.7515625 0.3546875 0.13359375 0.21875
1 0.83828125 0.23828125 0.096875 0.16796875
1 0.89296875 0.16953125 0.15078125 0.18828125
1 0.68828125 0.196875 0.08359375 0.16484375
1 0.56015625 0.0609375 0.0609375 0.115625
1 0.66015625 0.0546875 0.07265625 0.109375
1 0.70390625 0.01953125 0.065625 0.03828125
1 0.78828125 0.03828125 0.0578125 0.0765625
1 0.765625 0.0171875 0.03984375 0.03359375
0 0.06484375 0.13828125 0.12890625 0.27578125