2 0.98203125 0.28359375 0.0359375 0.1421875
3 0.8328125 0.18984375 0.071875 0.1484375
2 0.1265625 0.1109375 0.03359375 0.1140625
1 0.24453125 0.0453125 0.0296875 0.090625
1 0.2078125 0.0328125 0.053125 0.065625
1 0.58046875 0.19609375 0.09296875 0.1546875
1 0.30625 0.52890625 0.1359375 0.2796875
1 0.3578125 0.34375 0.1046875 0.17109375
1 0.3765625 0.23828125 0.07890625 0.13125
1 0.33359375 0.18359375 0.07109375 0.1421875
1 0.1734375 0.36640625 0.13046875 0.20859375
1 0.21796875 0.21015625 0.09296875 0.21640625
1 0.27109375 0.1515625 0.06328125 0.1203125
1 0.30859375 0.0765625 0.06328125 0.09375
1 0.3015625 0.03046875 0.05703125 0.06015625
1 0.071875 0.18203125 0.14296875 0.1234375
1 0.053125 0.13125 0.10625 0.1171875
1 0.48984375 0.02109375 0.06171875 0.04140625
1 0.70625 0.09765625 0.09296875 0.09140625
1 0.66328125 0.0390625 0.0796875 0.078125
1 0.85078125 0.04921875 0.07109375 0.05546875
1 0.878125 0.13125 0.08046875 0.0953125
1 0.93671875 0.196875 0.1265625 0.1484375
1 0.7125 0.02265625 0.06015625 0.04453125
2 0.16796875 0.0640625 0.02265625 0.046875
2 0.18203125 0.0484375 0.015625 0.05390625