2 0.50859375 0.25234375 0.04921875 0.17109375
2 0.83515625 0.8390625 0.1046875 0.321875
2 0.325 0.15078125 0.03359375 0.115625
2 0.30390625 0.096875 0.03203125 0.08671875
2 0.321875 0.0265625 0.02578125 0.04609375
2 0.26796875 0.03125 0.01875 0.06171875
2 0.2515625 0.04609375 0.0203125 0.08359375
2 0.209375 0.06640625 0.0234375 0.08671875
2 0.1734375 0.07890625 0.0296875 0.08671875
2 0.440625 0.0484375 0.03203125 0.08203125
2 0.49765625 0.05703125 0.0265625 0.08359375
2 0.89921875 0.065625 0.0359375 0.08515625
2 0.82421875 0.11484375 0.021875 0.11875
1 0.771875 0.1390625 0.09921875 0.16328125
1 0.18046875 0.57421875 0.20546875 0.51875
1 0.34609375 0.29921875 0.1109375 0.18828125
1 0.20078125 0.23359375 0.11953125 0.16796875
1 0.21015625 0.03828125 0.05703125 0.0765625
1 0.4359375 0.0234375 0.0796875 0.04609375
1 0.559375 0.09765625 0.0625 0.11875
1 0.6640625 0.03984375 0.075 0.0796875
1 0.77421875 0.02421875 0.0609375 0.0484375
1 0.94921875 0.09453125 0.1 0.121875