2 0.46484375 0.35390625 0.059375 0.1859375
2 0.48671875 0.15703125 0.03125 0.11875
2 0.5328125 0.1828125 0.03359375 0.125
2 0.8359375 0.05546875 0.025 0.0625
2 0.79296875 0.08046875 0.02265625 0.08984375
2 0.6484375 0.0375 0.02109375 0.07109375
2 0.17890625 0.1015625 0.025 0.08515625
2 0.1765625 0.1546875 0.01953125 0.090625
1 0.415625 0.18828125 0.07734375 0.125
1 0.59609375 0.04296875 0.05078125 0.0859375
1 0.66015625 0.23046875 0.08984375 0.14140625
1 0.49140625 0.0171875 0.04765625 0.034375
1 0.709375 0.0171875 0.04140625 0.034375
1 0.509375 0.1 0.0578125 0.0953125
1 0.76015625 0.02265625 0.0203125 0.0453125
1 0.78515625 0.0421875 0.0546875 0.084375
1 0.309375 0.065625 0.06171875 0.09765625
1 0.21015625 0.0765625 0.0671875 0.07109375
1 0.02265625 0.2484375 0.0453125 0.11796875