1 0.021875 0.25546875 0.04375 0.14765625
1 0.10234375 0.08046875 0.07265625 0.11171875
1 0.2203125 0.13671875 0.065625 0.08828125
1 0.2421875 0.0640625 0.05234375 0.071875
1 0.35078125 0.03046875 0.053125 0.0609375
1 0.3796875 0.01640625 0.02421875 0.03203125
1 0.41953125 0.7453125 0.19296875 0.37265625
1 0.44765625 0.11171875 0.0625 0.11171875
1 0.5578125 0.02734375 0.0421875 0.05390625
1 0.728125 0.25703125 0.10078125 0.15
1 0.74765625 0.1171875 0.06640625 0.0984375
1 0.78984375 0.03515625 0.0546875 0.0703125
1 0.48359375 0.0140625 0.0421875 0.028125
1 0.76484375 0.02109375 0.0328125 0.0421875
2 0.459375 0.30703125 0.046875 0.15546875
2 0.73828125 0.36171875 0.0390625 0.1640625
2 0.834375 0.0578125 0.0265625 0.07421875
2 0.25078125 0.025 0.0140625 0.0484375