0 0.9109375 0.62734375 0.178125 0.7453125
1 0.81171875 0.32890625 0.12421875 0.265625
1 0.646875 0.38359375 0.13125 0.2671875
1 0.4203125 0.4265625 0.13359375 0.2296875
1 0.3734375 0.240625 0.1078125 0.20390625
1 0.4328125 0.14921875 0.09609375 0.1125
1 0.48515625 0.03671875 0.0859375 0.0734375
1 0.578125 0.1640625 0.075 0.128125
1 0.7203125 0.16328125 0.0671875 0.1390625
1 0.7171875 0.121875 0.0640625 0.08984375
1 0.7078125 0.0734375 0.078125 0.109375
1 0.790625 0.04140625 0.05 0.0828125
1 0.77734375 0.021875 0.04765625 0.04296875
1 0.840625 0.16484375 0.1046875 0.18203125
2 0.628125 0.1328125 0.03828125 0.1296875
2 0.59609375 0.06640625 0.03125 0.0875
2 0.5515625 0.121875 0.02890625 0.1140625
2 0.028125 0.31484375 0.05546875 0.1625
2 0.125 0.125 0.04375 0.11015625
2 0.74375 0.03515625 0.01875 0.0703125
2 0.8296875 0.05 0.034375 0.0953125
1 0.29765625 0.07734375 0.0703125 0.121875
1 0.35859375 0.02421875 0.05234375 0.0484375
1 0.1828125 0.03125 0.046875 0.0625
1 0.14375 0.02265625 0.04296875 0.0453125