2 0.49140625 0.25234375 0.04921875 0.17109375
2 0.16484375 0.8390625 0.1046875 0.321875
2 0.675 0.15078125 0.03359375 0.115625
2 0.69609375 0.096875 0.03203125 0.08671875
2 0.678125 0.0265625 0.02578125 0.04609375
2 0.73203125 0.03125 0.01875 0.06171875
2 0.7484375 0.04609375 0.0203125 0.08359375
2 0.790625 0.06640625 0.0234375 0.08671875
2 0.8265625 0.07890625 0.0296875 0.08671875
2 0.559375 0.0484375 0.03203125 0.08203125
2 0.50234375 0.05703125 0.0265625 0.08359375
2 0.10078125 0.065625 0.0359375 0.08515625
2 0.17578125 0.11484375 0.021875 0.11875
1 0.228125 0.1390625 0.09921875 0.16328125
1 0.81953125 0.57421875 0.20546875 0.51875
1 0.65390625 0.29921875 0.1109375 0.18828125
1 0.79921875 0.23359375 0.11953125 0.16796875
1 0.78984375 0.03828125 0.05703125 0.0765625
1 0.5640625 0.0234375 0.0796875 0.04609375
1 0.440625 0.09765625 0.0625 0.11875
1 0.3359375 0.03984375 0.075 0.0796875
1 0.22578125 0.02421875 0.0609375 0.0484375
1 0.05078125 0.09453125 0.1 0.121875