2 0.6234375 0.590625 0.08359375 0.28203125
2 0.65 0.2078125 0.05390625 0.14375
2 0.8921875 0.19921875 0.05703125 0.1453125
2 0.8375 0.059375 0.0328125 0.08203125
2 0.82109375 0.05 0.0234375 0.06953125
2 0.5828125 0.04296875 0.02890625 0.08046875
2 0.20859375 0.1484375 0.02890625 0.1140625
1 0.0375 0.2390625 0.07421875 0.21328125
1 0.4296875 0.6 0.19296875 0.54296875
1 0.51875 0.3046875 0.1171875 0.19921875
2 0.46953125 0.1171875 0.06796875 0.1421875
1 0.3234375 0.071875 0.05625 0.121875
1 0.253125 0.04453125 0.065625 0.0890625
1 0.175 0.10546875 0.1015625 0.140625
1 0.55625 0.0234375 0.05703125 0.04609375