2 0.01796875 0.28359375 0.0359375 0.1421875
3 0.1671875 0.18984375 0.071875 0.1484375
2 0.8734375 0.1109375 0.03359375 0.1140625
1 0.75546875 0.0453125 0.0296875 0.090625
1 0.7921875 0.0328125 0.053125 0.065625
1 0.41953125 0.19609375 0.09296875 0.1546875
1 0.69375 0.52890625 0.1359375 0.2796875
1 0.6421875 0.34375 0.1046875 0.17109375
1 0.6234375 0.23828125 0.07890625 0.13125
1 0.66640625 0.18359375 0.07109375 0.1421875
1 0.8265625 0.36640625 0.13046875 0.20859375
1 0.78203125 0.21015625 0.09296875 0.21640625
1 0.72890625 0.1515625 0.06328125 0.1203125
1 0.69140625 0.0765625 0.06328125 0.09375
1 0.6984375 0.03046875 0.05703125 0.06015625
1 0.928125 0.18203125 0.14296875 0.1234375
1 0.946875 0.13125 0.10625 0.1171875
1 0.51015625 0.02109375 0.06171875 0.04140625
1 0.29375 0.09765625 0.09296875 0.09140625
1 0.33671875 0.0390625 0.0796875 0.078125
1 0.14921875 0.04921875 0.07109375 0.05546875
1 0.121875 0.13125 0.08046875 0.0953125
1 0.06328125 0.196875 0.1265625 0.1484375
1 0.2875 0.02265625 0.06015625 0.04453125
2 0.83203125 0.0640625 0.02265625 0.046875
2 0.81796875 0.0484375 0.015625 0.05390625