2 0.29453125 0.82890625 0.1234375 0.3421875
2 0.86484375 0.68515625 0.0921875 0.3515625
2 0.71875 0.228125 0.0484375 0.17578125
2 0.6125 0.1984375 0.0546875 0.1375
1 0.90625 0.1734375 0.1875 0.2125
1 0.7921875 0.04140625 0.0609375 0.07734375
1 0.7796875 0.0234375 0.05703125 0.04609375
1 0.5953125 0.08203125 0.0640625 0.1109375
1 0.64140625 0.17578125 0.0859375 0.1265625
1 0.33984375 0.353125 0.1203125 0.19765625
1 0.26953125 0.11796875 0.08046875 0.125
1 0.28046875 0.04921875 0.0765625 0.09296875
2 0.83671875 0.075 0.03046875 0.09140625
2 0.821875 0.04609375 0.0296875 0.06171875