1 0.6828125 0.44921875 0.17890625 0.29609375
1 0.1125 0.26328125 0.13125 0.353125
1 0.20546875 0.04609375 0.0640625 0.06796875
1 0.22578125 0.02890625 0.0578125 0.05703125
1 0.6328125 0.0421875 0.071875 0.084375
1 0.709375 0.1 0.084375 0.1078125
1 0.728125 0.04453125 0.0578125 0.08359375
2 0.52578125 0.0390625 0.0359375 0.078125
2 0.4484375 0.059375 0.0484375 0.115625
2 0.35859375 0.16484375 0.0484375 0.1296875
2 0.29375 0.2875 0.05390625 0.18359375
2 0.27578125 0.1125 0.03828125 0.1484375
2 0.16015625 0.08203125 0.03359375 0.1015625
2 0.18125 0.0546875 0.01484375 0.06015625