1 0.3265625 0.3078125 0.15078125 0.3625
1 0.6484375 0.17578125 0.13046875 0.259375
1 0.56484375 0.30234375 0.11796875 0.17890625
1 0.54765625 0.103125 0.071875 0.1421875
1 0.465625 0.06875 0.06328125 0.115625
1 0.340625 0.0421875 0.053125 0.084375
1 0.8890625 0.12734375 0.1484375 0.15
1 0.896875 0.31171875 0.10703125 0.16953125
1 0.7609375 0.0890625 0.071875 0.121875
1 0.74296875 0.05390625 0.05 0.08359375
1 0.721875 0.03125 0.05 0.06171875
1 0.65703125 0.02890625 0.0484375 0.0578125
1 0.603125 0.01953125 0.05390625 0.03828125
1 0.78984375 0.0453125 0.0640625 0.08828125
2 0.8265625 0.06328125 0.028125 0.07421875
2 0.61640625 0.7125 0.1125 0.35
2 0.45546875 0.51171875 0.07578125 0.2453125
2 0.6203125 0.38828125 0.09296875 0.18671875
2 0.7140625 0.31015625 0.0734375 0.21875
2 0.10390625 0.04140625 0.040625 0.08046875