2 0.35078125 0.4640625 0.09140625 0.2484375
2 0.13203125 0.4453125 0.078125 0.21796875
2 0.15390625 0.28359375 0.0484375 0.17890625
2 0.26875 0.15625 0.0375 0.1375
2 0.32265625 0.0921875 0.034375 0.121875
2 0.2875 0.021875 0.0296875 0.04296875
2 0.3453125 0.87421875 0.13046875 0.2515625
1 0.87421875 0.7828125 0.246875 0.38125
1 0.60390625 0.2609375 0.10703125 0.19140625
1 0.4875 0.184375 0.109375 0.19296875
1 0.4640625 0.0859375 0.0734375 0.15
1 0.39921875 0.046875 0.075 0.08515625
1 0.034375 0.39765625 0.06875 0.3640625
1 0.0859375 0.16484375 0.17109375 0.1421875
1 0.20390625 0.040625 0.05625 0.08125
1 0.2296875 0.02578125 0.046875 0.05078125
2 0.1703125 0.05625 0.034375 0.06953125
1 0.78203125 0.07421875 0.07734375 0.1328125
1 0.70546875 0.0703125 0.084375 0.109375
1 0.69140625 0.03125 0.06875 0.05546875
1 0.953125 0.12265625 0.09375 0.134375