1 0.3625 0.303125 0.1171875 0.2203125
1 0.71875 0.68046875 0.19453125 0.3546875
1 0.67890625 0.10625 0.09140625 0.1046875
1 0.5203125 0.15859375 0.09921875 0.1421875
1 0.4734375 0.075 0.0640625 0.1125
1 0.60078125 0.0265625 0.0640625 0.053125
1 0.76796875 0.01953125 0.0578125 0.0390625
1 0.78828125 0.03359375 0.0640625 0.0671875
1 0.16328125 0.11796875 0.07734375 0.09140625
1 0.08359375 0.26328125 0.1453125 0.20234375
1 0.2484375 0.1265625 0.0890625 0.1078125
1 0.33671875 0.0640625 0.0671875 0.08515625
1 0.225 0.065625 0.0609375 0.07890625
1 0.27265625 0.04375 0.0546875 0.07265625
1 0.07109375 0.04375 0.0734375 0.0875
1 0.11875 0.021875 0.071875 0.04296875
2 0.96328125 0.70625 0.07265625 0.31953125
2 0.5265625 0.06796875 0.03203125 0.1109375
2 0.5890625 0.07890625 0.0359375 0.1046875
2 0.80390625 0.09609375 0.02890625 0.121875
2 0.8375 0.0578125 0.03046875 0.06640625
2 0.81953125 0.0453125 0.02265625 0.06328125