1 0.31875 0.365625 0.14140625 0.2625
1 0.88515625 0.68984375 0.20078125 0.3734375
1 0.5203125 0.15625 0.11640625 0.31171875
1 0.60546875 0.078125 0.07265625 0.15546875
1 0.6703125 0.0453125 0.05703125 0.090625
1 0.7375 0.05859375 0.07890625 0.1171875
1 0.7859375 0.04375 0.059375 0.0875
1 0.32890625 0.046875 0.0796875 0.09375
1 0.21484375 0.0828125 0.084375 0.128125
1 0.109375 0.03203125 0.06875 0.0640625
1 0.0671875 0.28671875 0.12578125 0.16953125
1 0.0203125 0.1703125 0.040625 0.103125
2 0.8171875 0.275 0.06875 0.19765625
2 0.68125 0.5671875 0.0875 0.2578125
2 0.49140625 0.3890625 0.08125 0.20078125
2 0.85546875 0.10859375 0.025 0.1125
2 0.9015625 0.13046875 0.0421875 0.121875
2 0.2640625 0.0890625 0.0234375 0.07890625