1 0.43671875 0.67265625 0.1984375 0.41953125
1 0.3375 0.3234375 0.13515625 0.19609375
1 0.6140625 0.31484375 0.10703125 0.17890625
1 0.6109375 0.2015625 0.09140625 0.17421875
1 0.88828125 0.31171875 0.13359375 0.17265625
1 0.90703125 0.16640625 0.1640625 0.15703125
1 0.696875 0.090625 0.06484375 0.103125
1 0.7078125 0.03984375 0.05625 0.0796875
2 0.7609375 0.0515625 0.02578125 0.08828125
2 0.83671875 0.0640625 0.0359375 0.09140625
2 0.51953125 0.0546875 0.03046875 0.09375
2 0.3875 0.14921875 0.0546875 0.10625
2 0.13125 0.19140625 0.03984375 0.1328125
2 0.15078125 0.1296875 0.040625 0.1046875
2 0.07265625 0.1578125 0.04609375 0.15859375
1 0.459375 0.059375 0.071875 0.1
1 0.56953125 0.08671875 0.0578125 0.1171875
1 0.7890625 0.0421875 0.0609375 0.08203125
1 0.4859375 0.0140625 0.0515625 0.028125
2 0.2265625 0.053125 0.03671875 0.07890625
1 0.303125 0.0203125 0.059375 0.03984375
2 0.75234375 0.30078125 0.040625 0.146875