1 0.46171875 0.32109375 0.14375 0.19453125
1 0.3234375 0.4921875 0.15546875 0.246875
1 0.290625 0.8484375 0.253125 0.30234375
1 0.09375 0.73828125 0.1875 0.46171875
1 0.0265625 0.52890625 0.053125 0.1765625
1 0.21953125 0.35703125 0.1265625 0.20234375
1 0.14609375 0.2140625 0.128125 0.146875
1 0.259375 0.24296875 0.0875 0.153125
1 0.36953125 0.23046875 0.10234375 0.153125
1 0.38828125 0.078125 0.06953125 0.09375
1 0.2765625 0.13671875 0.06015625 0.109375
1 0.296875 0.06484375 0.06953125 0.0984375
1 0.87265625 0.1453125 0.1 0.1203125
1 0.90703125 0.04765625 0.084375 0.0953125
1 0.7515625 0.1203125 0.096875 0.1328125
1 0.75078125 0.0609375 0.08671875 0.07578125
1 0.95859375 0.3140625 0.0828125 0.246875
1 0.6703125 0.015625 0.0703125 0.03125
1 0.2125 0.040625 0.059375 0.08125
2 0.46171875 0.0578125 0.040625 0.103125
2 0.3375 0.103125 0.0328125 0.0984375
2 0.23984375 0.0984375 0.02421875 0.1046875
2 0.16796875 0.05859375 0.0234375 0.05859375
2 0.18203125 0.046875 0.01796875 0.05234375
2 0.42734375 0.01328125 0.0234375 0.0265625
2 0.33046875 0.01640625 0.0234375 0.0328125
2 0.61640625 0.0140625 0.01875 0.028125