1 0.35625 0.62890625 0.21171875 0.40859375
1 0.6390625 0.32578125 0.16953125 0.25625
1 0.46953125 0.24609375 0.11875 0.18046875
1 0.24375 0.2671875 0.11875 0.2375
1 0.18828125 0.14453125 0.1109375 0.14375
1 0.2625 0.0703125 0.0640625 0.096875
1 0.3015625 0.03984375 0.053125 0.0796875
1 0.20625 0.0390625 0.053125 0.078125
1 0.23828125 0.03125 0.0390625 0.0625
2 0.1671875 0.065625 0.0359375 0.07578125
2 0.3640625 0.040625 0.02890625 0.07890625
2 0.45078125 0.04140625 0.02109375 0.06796875
2 0.4515625 0.02578125 0.021875 0.05078125
2 0.6609375 0.875 0.14609375 0.25
2 0.965625 0.19921875 0.04921875 0.16015625
1 0.79296875 0.09140625 0.1 0.1453125
1 0.86796875 0.0734375 0.053125 0.08828125
1 0.940625 0.0546875 0.06875 0.07890625
1 0.65703125 0.0421875 0.0671875 0.084375
1 0.696875 0.021875 0.05390625 0.04296875
1 0.4546875 0.12109375 0.0890625 0.128125
1 0.5453125 0.0671875 0.0671875 0.109375