1 0.09609375 0.409375 0.1625 0.2265625
1 0.33125 0.3375 0.1234375 0.20546875
1 0.34375 0.21953125 0.11796875 0.15625
1 0.3796875 0.13125 0.071875 0.1109375
1 0.2140625 0.04609375 0.05625 0.08984375
1 0.2328125 0.0234375 0.0515625 0.04609375
1 0.54921875 0.0890625 0.065625 0.10625
1 0.678125 0.353125 0.14375 0.2625
1 0.75703125 0.1359375 0.0890625 0.1296875
1 0.7890625 0.08359375 0.0625 0.07109375
1 0.8375 0.11640625 0.08046875 0.08515625
1 0.94375 0.20546875 0.103125 0.1546875
0 0.9421875 0.040625 0.115625 0.08125
2 0.84375 0.1796875 0.0328125 0.153125
2 0.52265625 0.2390625 0.0390625 0.15703125
2 0.44375 0.09296875 0.03671875 0.1078125
2 0.49921875 0.0484375 0.028125 0.08828125
2 0.1390625 0.20546875 0.04375 0.1546875
2 0.0421875 0.1921875 0.05625 0.146875
2 0.08828125 0.1203125 0.04140625 0.0984375
2 0.16484375 0.05390625 0.02578125 0.06796875
2 0.18125 0.04296875 0.0203125 0.05234375
2 0.28125 0.01875 0.015625 0.03671875
1 0.65234375 0.034375 0.0546875 0.06875
1 0.71640625 0.03125 0.0515625 0.06171875