2 0.834375 0.0609375 0.03828125 0.0796875
2 0.78515625 0.15 0.0375 0.1171875
2 0.55546875 0.121875 0.03125 0.09921875
2 0.5546875 0.17109375 0.03828125 0.1390625
2 0.65546875 0.3578125 0.0515625 0.17109375
1 0.609375 0.07109375 0.053125 0.08671875
1 0.7234375 0.0828125 0.0734375 0.11015625
1 0.5765625 0.0421875 0.04140625 0.071875
1 0.8984375 0.853125 0.20234375 0.29375
1 0.790625 0.03515625 0.05234375 0.06875
1 0.7671875 0.021875 0.0375 0.04375
1 0.60625 0.021875 0.046875 0.04375
1 0.7109375 0.01796875 0.0453125 0.0359375
1 0.15546875 0.0234375 0.04765625 0.046875