1 0.97109375 0.34296875 0.05703125 0.14453125
1 0.8609375 0.0578125 0.059375 0.0921875
1 0.7984375 0.08515625 0.07578125 0.09375
1 0.86953125 0.125 0.08828125 0.10390625
1 0.6890625 0.38125 0.11796875 0.1921875
1 0.80078125 0.02421875 0.05078125 0.0484375
1 0.3328125 0.2953125 0.10234375 0.20234375
1 0.40859375 0.10546875 0.059375 0.09609375
1 0.53515625 0.1453125 0.0734375 0.14609375
1 0.62421875 0.01796875 0.0453125 0.0359375
1 0.68046875 0.01640625 0.0265625 0.03203125
1 0.71015625 0.02890625 0.04296875 0.053125
1 0.07734375 0.16875 0.15390625 0.1328125
1 0.209375 0.03515625 0.05390625 0.0703125
1 0.2359375 0.2265625 0.0828125 0.1390625
1 0.22109375 0.01796875 0.0515625 0.0359375
1 0.4171875 0.0140625 0.0359375 0.028125
2 0.684375 0.05390625 0.0171875 0.0828125
2 0.2796875 0.08984375 0.025 0.09453125
2 0.4484375 0.03125 0.01796875 0.0625
2 0.88203125 0.01796875 0.0171875 0.0359375
2 0.16171875 0.05 0.03203125 0.0625
0 0.5921875 0.64609375 0.3078125 0.7078125