2 0.6234375 0.3125 0.05625 0.18359375
2 0.4515625 0.5890625 0.08046875 0.2703125
2 0.24453125 0.1171875 0.0453125 0.1078125
2 0.45234375 0.03515625 0.0328125 0.0703125
1 0.92578125 0.078125 0.06484375 0.096875
1 0.94921875 0.12890625 0.1015625 0.125
1 0.32734375 0.89765625 0.2703125 0.2046875
1 0.18828125 0.63828125 0.21171875 0.35625
1 0.32265625 0.35625 0.13359375 0.259375
1 0.378125 0.21015625 0.09140625 0.1390625
1 0.15546875 0.16796875 0.13046875 0.228125
1 0.0546875 0.12109375 0.109375 0.19609375
1 0.403125 0.08359375 0.0609375 0.1015625
1 0.39453125 0.0359375 0.06796875 0.071875
1 0.23359375 0.021875 0.0453125 0.04375
1 0.20859375 0.03828125 0.0484375 0.0765625
2 0.1671875 0.05703125 0.0390625 0.08671875