1 0.36640625 0.28515625 0.1375 0.21328125
1 0.8390625 0.18046875 0.1125 0.16640625
1 0.68515625 0.08125 0.0796875 0.1
1 0.1453125 0.11953125 0.06796875 0.103125
1 0.2234375 0.15703125 0.1203125 0.16953125
1 0.09921875 0.046875 0.0640625 0.09375
1 0.46796875 0.0671875 0.08515625 0.134375
0 0.8203125 0.48203125 0.25546875 0.5265625
2 0.66171875 0.340625 0.0671875 0.20859375
2 0.7609375 0.1328125 0.04453125 0.1296875
2 0.828125 0.05859375 0.03828125 0.1078125
1 0.79296875 0.03515625 0.0578125 0.0703125
1 0.76328125 0.02421875 0.0453125 0.04765625
1 0.58125 0.04140625 0.08125 0.0828125
1 0.67265625 0.02890625 0.06015625 0.05703125
2 0.32265625 0.028125 0.03125 0.05546875