2 0.4765625 0.36484375 0.05078125 0.18203125
2 0.4125 0.78359375 0.06953125 0.315625
2 0.4453125 0.5921875 0.06953125 0.21171875
2 0.46796875 0.10234375 0.02421875 0.0921875
2 0.52265625 0.0984375 0.03125 0.09453125
2 0.5578125 0.02109375 0.01796875 0.04140625
2 0.725 0.053125 0.0203125 0.0796875
2 0.73671875 0.06796875 0.02421875 0.078125
2 0.85546875 0.29453125 0.034375 0.14140625
2 0.8625 0.20859375 0.03203125 0.11640625
2 0.83515625 0.053125 0.021875 0.0609375
2 0.08828125 0.09140625 0.01875 0.065625
1 0.76875 0.31484375 0.128125 0.1765625
1 0.9375 0.40390625 0.1203125 0.19140625
1 0.8953125 0.690625 0.209375 0.446875
1 0.62578125 0.13671875 0.06484375 0.08984375
1 0.6234375 0.24453125 0.09765625 0.18984375
1 0.78984375 0.03203125 0.05 0.0640625
1 0.378125 0.01640625 0.04375 0.0328125
1 0.31953125 0.01328125 0.0421875 0.02578125
1 0.24453125 0.059375 0.04296875 0.075
1 0.15390625 0.05234375 0.071875 0.0859375
2 0.65 0.1578125 0.02109375 0.08203125