1 0.1359375 0.43515625 0.1453125 0.228125
1 0.62734375 0.21171875 0.10390625 0.19765625
1 0.4359375 0.06328125 0.0640625 0.10546875
1 0.21328125 0.03828125 0.0578125 0.0765625
1 0.2265625 0.02421875 0.04375 0.0484375
1 0.5515625 0.11953125 0.06484375 0.1390625
1 0.7734375 0.13046875 0.0890625 0.115625
1 0.9453125 0.29765625 0.109375 0.19765625
1 0.91796875 0.07109375 0.06640625 0.090625
1 0.90390625 0.16171875 0.08984375 0.1
2 0.9578125 0.14609375 0.02734375 0.10625
2 0.8859375 0.19921875 0.03828125 0.11640625
2 0.690625 0.0375 0.02265625 0.075
2 0.28671875 0.0296875 0.02578125 0.05859375
2 0.16328125 0.05703125 0.046875 0.08125
2 0.26796875 0.55546875 0.07734375 0.25859375